0 || 
1 || 
2 || 
3 || 
4 || 
5 || 
6 || 
7 || 
8 || ¡ï¡ï¡ï¡ï¡ï¡ï¡ï¡ï¡ï¡ï¡ï¡ï¡ï¡ï¡ï¡ï¡ï¡ï¡ï¡ï¡ï¡ï¡ï¡ï¡ï¡ï¡ï¡ï¡ï¡ï¡ï¡ï¡ï¡ï¡ï¡ï¡ï¡ï¡ï¡ï¡ï¡ï¡ï¡ï¡ï¡ï¡ï¡ï¡ï¡ï¡ï¡ï¡ï¡ï¡ï¡ï¡ï¡ï¡ï¡ï¡ï¡ï¡ï¡ï¡ï¡ï¡ï¡ï¡ï¡ï¡ï¡ï¡ï¡ï¡ï¡ï¡ï¡ï¡ï¡ï¡ï¡ï¡ï¡ï¡ï¡ï¡ï¡ï¡ï
9 || 
10 || ¡ï¡ï¡ï¡ï¡ï¡ï¡ï¡ï¡ï¡ï¡ï¡ï¡ï¡ï¡ï¡ï¡ï¡ï¡ï¡ï¡ï¡ï¡ï
11 || 
12 || ¡ï¡ï¡ï¡ï¡ï¡ï¡ï¡ï¡ï¡ï¡ï¡ï¡ï¡ï¡ï¡ï¡ï¡ï¡ï¡ï¡ï¡ï¡ï
13 || 
14 || ¡ï¡ï¡ï¡ï¡ï¡ï¡ï¡ï¡ï¡ï¡ï¡ï¡ï¡ï¡ï¡ï¡ï¡ï¡ï¡ï¡ï¡ï¡ï¡ï¡ï¡ï
15 || ¡ï¡ï¡ï¡ï¡ï¡ï¡ï¡ï¡ï¡ï¡ï¡ï¡ï
16 || ¡ï¡ï¡ï¡ï¡ï¡ï¡ï¡ï¡ï¡ï¡ï
17 || 
18 || ¡ï¡ï¡ï¡ï¡ï¡ï¡ï¡ï¡ï¡ï¡ï¡ï
19 || ¡ï¡ï¡ï¡ï¡ï¡ï¡ï¡ï¡ï¡ï¡ï¡ï¡ï¡ï¡ï¡ï¡ï
20 || 
21 || 
22 || 
23 || ¡ï¡ï¡ï¡ï¡ï¡ï¡ï¡ï¡ï¡ï¡ï¡ï¡ï¡ï¡ï¡ï¡ï¡ï¡ï¡ï¡ï¡ï¡ï¡ï¡ï¡ï¡ï¡ï¡ï¡ï¡ï¡ï¡ï¡ï¡ï¡ï¡ï¡ï
24 || 
25 || ¡ï¡ï¡ï¡ï¡ï¡ï¡ï¡ï¡ï¡ï¡ï¡ï¡ï¡ï¡ï¡ï¡ï¡ï¡ï¡ï¡ï¡ï¡ï¡ï¡ï¡ï¡ï¡ï¡ï
26 || 
27 || 
28 || 
29 || 
30 || ¡ï¡ï¡ï¡ï¡ï¡ï¡ï¡ï¡ï¡ï¡ï¡ï¡ï¡ï¡ï¡ï¡ï¡ï¡ï¡ï¡ï¡ï¡ï¡ï¡ï¡ï¡ï¡ï¡ï¡ï¡ï¡ï¡ï¡ï¡ï¡ï¡ï¡ï¡ï¡ï¡ï¡ï¡ï¡ï¡ï¡ï¡ï¡ï¡ï¡ï¡ï
31 || 
32 || 
33 || 
34 || 
35 || 
36 || 
37 || 
38 || 
39 || ¡ï¡ï¡ï¡ï¡ï¡ï¡ï¡ï¡ï¡ï¡ï¡ï¡ï¡ï¡ï¡ï¡ï¡ï¡ï¡ï¡ï¡ï¡ï¡ï¡ï¡ï¡ï¡ï¡ï¡ï¡ï¡ï¡ï¡ï¡ï¡ï¡ï¡ï¡ï¡ï¡ï¡ï¡ï¡ï¡ï¡ï¡ï¡ï¡ï¡ï¡ï¡ï¡ï¡ï¡ï¡ï¡ï¡ï¡ï¡ï¡ï¡ï¡ï¡ï¡ï¡ï¡ï¡ï¡ï¡ï¡ï¡ï¡ï¡ï¡ï¡ï¡ï¡ï¡ï¡ï¡ï¡ï¡ï¡ï¡ï¡ï¡ï¡ï¡ï¡ï¡ï¡ï¡ï¡ï¡ï¡ï¡ï¡ï¡ï¡ï¡ï¡ï¡ï¡ï¡ï
40 || 
41 || 
42 || 
43 || 
44 || ¡ï¡ï¡ï¡ï¡ï¡ï¡ï¡ï¡ï¡ï¡ï¡ï¡ï¡ï¡ï¡ï¡ï¡ï¡ï¡ï¡ï¡ï¡ï¡ï¡ï¡ï¡ï¡ï¡ï¡ï¡ï¡ï¡ï¡ï¡ï¡ï¡ï¡ï¡ï¡ï¡ï¡ï¡ï¡ï¡ï¡ï¡ï¡ï¡ï
45 || 
46 || 
47 || 
48 || 
49 || 
50 || ¡ï¡ï¡ï¡ï¡ï¡ï¡ï¡ï¡ï¡ï¡ï¡ï¡ï¡ï¡ï¡ï¡ï¡ï¡ï¡ï¡ï¡ï¡ï¡ï¡ï¡ï¡ï¡ï¡ï¡ï¡ï¡ï¡ï¡ï¡ï¡ï¡ï¡ï¡ï¡ï¡ï¡ï¡ï¡ï¡ï¡ï¡ï¡ï¡ï¡ï¡ï¡ï¡ï¡ï¡ï¡ï¡ï¡ï¡ï¡ï¡ï¡ï¡ï¡ï¡ï¡ï¡ï
51 || 
52 || 
53 || ¡ï¡ï¡ï¡ï¡ï¡ï¡ï¡ï¡ï¡ï¡ï¡ï¡ï¡ï¡ï¡ï¡ï¡ï¡ï¡ï¡ï¡ï¡ï¡ï¡ï¡ï¡ï¡ï¡ï¡ï¡ï¡ï¡ï¡ï
54 || 
55 || 
56 || 
57 || ¡ï¡ï¡ï¡ï¡ï¡ï¡ï¡ï¡ï¡ï¡ï¡ï¡ï¡ï¡ï¡ï¡ï¡ï¡ï¡ï¡ï¡ï¡ï¡ï¡ï¡ï¡ï¡ï¡ï¡ï¡ï¡ï¡ï¡ï¡ï¡ï¡ï¡ï¡ï¡ï¡ï¡ï¡ï¡ï¡ï¡ï¡ï
58 || 
59 || ¡ï¡ï¡ï¡ï¡ï¡ï¡ï¡ï¡ï¡ï¡ï¡ï¡ï¡ï¡ï¡ï¡ï¡ï¡ï¡ï¡ï¡ï¡ï¡ï
60 || 
61 || 
62 || 
63 || ¡ï¡ï¡ï¡ï¡ï¡ï¡ï¡ï¡ï¡ï¡ï¡ï¡ï¡ï¡ï¡ï¡ï¡ï¡ï¡ï¡ï¡ï¡ï¡ï¡ï¡ï¡ï¡ï¡ï¡ï¡ï¡ï¡ï¡ï¡ï¡ï¡ï
64 || ¡ï¡ï¡ï¡ï¡ï¡ï¡ï¡ï¡ï¡ï¡ï¡ï¡ï¡ï¡ï¡ï¡ï¡ï¡ï¡ï
65 || 
66 || ¡ï¡ï¡ï¡ï¡ï¡ï¡ï¡ï¡ï¡ï¡ï¡ï¡ï¡ï¡ï¡ï¡ï¡ï¡ï¡ï¡ï
67 || 
68 || ¡ï¡ï¡ï¡ï¡ï¡ï¡ï¡ï¡ï¡ï¡ï¡ï¡ï¡ï¡ï¡ï¡ï¡ï¡ï¡ï¡ï¡ï
69 || 
70 || 
71 || 
72 || ¡ï¡ï¡ï¡ï¡ï¡ï¡ï¡ï¡ï¡ï¡ï¡ï¡ï¡ï¡ï¡ï¡ï¡ï¡ï¡ï¡ï¡ï¡ï¡ï¡ï¡ï¡ï¡ï¡ï¡ï¡ï¡ï¡ï¡ï¡ï¡ï¡ï¡ï
73 || 
74 || 
75 || ¡ï¡ï¡ï¡ï¡ï¡ï¡ï¡ï¡ï¡ï¡ï¡ï¡ï¡ï¡ï¡ï¡ï¡ï¡ï¡ï¡ï¡ï¡ï¡ï¡ï¡ï¡ï¡ï¡ï¡ï¡ï¡ï¡ï
76 || ¡ï¡ï¡ï¡ï¡ï¡ï¡ï¡ï¡ï¡ï¡ï¡ï¡ï¡ï¡ï¡ï
77 || 
78 || ¡ï¡ï¡ï¡ï¡ï¡ï¡ï¡ï¡ï¡ï¡ï¡ï¡ï¡ï¡ï¡ï
79 || ¡ï¡ï¡ï¡ï¡ï¡ï¡ï¡ï¡ï¡ï¡ï¡ï¡ï¡ï¡ï¡ï
80 || 
81 || ¡ï¡ï¡ï¡ï¡ï¡ï¡ï¡ï¡ï¡ï¡ï¡ï¡ï¡ï¡ï¡ï
82 || ¡ï¡ï¡ï¡ï¡ï¡ï¡ï¡ï¡ï¡ï¡ï¡ï¡ï¡ï¡ï
83 || 
84 || ¡ï¡ï¡ï¡ï¡ï¡ï¡ï¡ï¡ï¡ï¡ï¡ï¡ï¡ï¡ï¡ï
85 || ¡ï¡ï¡ï¡ï¡ï¡ï¡ï¡ï¡ï¡ï¡ï¡ï¡ï
86 || ¡ï¡ï¡ï¡ï¡ï¡ï¡ï¡ï¡ï¡ï¡ï¡ï¡ï¡ï¡ï
87 || 
88 || ¡ï¡ï¡ï¡ï¡ï¡ï¡ï¡ï¡ï¡ï¡ï¡ï¡ï¡ï
89 || ¡ï¡ï¡ï¡ï¡ï¡ï¡ï¡ï¡ï¡ï¡ï¡ï¡ï¡ï¡ï¡ï
90 || ¡ï¡ï¡ï¡ï¡ï¡ï¡ï¡ï¡ï¡ï¡ï¡ï¡ï¡ï
91 || 
92 || ¡ï¡ï¡ï¡ï¡ï¡ï¡ï¡ï¡ï¡ï¡ï¡ï¡ï¡ï¡ï¡ï¡ï¡ï¡ï
93 || ¡ï¡ï¡ï¡ï¡ï¡ï¡ï¡ï¡ï¡ï¡ï¡ï¡ï¡ï¡ï
94 || 
95 || ¡ï¡ï¡ï¡ï¡ï¡ï¡ï¡ï¡ï¡ï¡ï¡ï¡ï¡ï¡ï¡ï¡ï¡ï¡ï
96 || 
97 || ¡ï¡ï¡ï¡ï¡ï¡ï¡ï¡ï¡ï¡ï¡ï¡ï¡ï¡ï¡ï¡ï¡ï¡ï¡ï
98 || 
99 || ¡ï¡ï¡ï¡ï¡ï¡ï¡ï¡ï¡ï¡ï¡ï¡ï¡ï¡ï¡ï¡ï¡ï¡ï¡ï
100 || 
101 || ¡ï¡ï¡ï¡ï¡ï¡ï¡ï¡ï¡ï¡ï¡ï¡ï¡ï¡ï¡ï¡ï¡ï¡ï¡ï¡ï¡ï¡ï¡ï
102 || 
103 || ¡ï¡ï¡ï¡ï¡ï¡ï¡ï¡ï¡ï¡ï¡ï¡ï¡ï¡ï¡ï¡ï¡ï¡ï¡ï¡ï
104 || 
105 || ¡ï¡ï¡ï¡ï¡ï¡ï¡ï¡ï¡ï¡ï¡ï¡ï¡ï¡ï¡ï¡ï¡ï¡ï¡ï¡ï¡ï¡ï¡ï¡ï¡ï
106 || 
107 || 
108 || ¡ï¡ï¡ï¡ï¡ï¡ï¡ï¡ï¡ï¡ï¡ï¡ï¡ï¡ï¡ï¡ï¡ï¡ï¡ï¡ï¡ï¡ï¡ï¡ï¡ï¡ï¡ï¡ï¡ï
109 || 
110 || ¡ï¡ï¡ï¡ï¡ï¡ï¡ï¡ï¡ï¡ï¡ï¡ï¡ï¡ï¡ï¡ï¡ï¡ï¡ï¡ï¡ï¡ï¡ï¡ï¡ï¡ï
111 || 
112 || ¡ï¡ï¡ï¡ï¡ï¡ï¡ï¡ï¡ï¡ï¡ï¡ï¡ï¡ï¡ï¡ï¡ï¡ï¡ï¡ï¡ï¡ï¡ï¡ï¡ï¡ï¡ï
113 || 
114 || 
115 || ¡ï¡ï¡ï¡ï¡ï¡ï¡ï¡ï¡ï¡ï¡ï¡ï¡ï¡ï¡ï¡ï¡ï¡ï¡ï¡ï¡ï¡ï¡ï¡ï¡ï¡ï¡ï¡ï¡ï¡ï
116 || 
117 || ¡ï¡ï¡ï¡ï¡ï¡ï¡ï¡ï¡ï¡ï¡ï¡ï¡ï¡ï¡ï¡ï¡ï¡ï¡ï¡ï¡ï¡ï¡ï
118 || 
119 || 
120 || ¡ï¡ï¡ï¡ï¡ï¡ï¡ï¡ï¡ï¡ï¡ï¡ï¡ï¡ï¡ï¡ï¡ï¡ï¡ï¡ï¡ï¡ï¡ï¡ï¡ï¡ï¡ï
121 || 
122 || ¡ï¡ï¡ï¡ï¡ï¡ï¡ï¡ï¡ï¡ï¡ï¡ï¡ï¡ï¡ï¡ï¡ï¡ï¡ï¡ï¡ï¡ï¡ï¡ï¡ï¡ï
123 || 
124 || ¡ï¡ï¡ï¡ï¡ï¡ï¡ï¡ï¡ï¡ï¡ï¡ï¡ï¡ï¡ï¡ï¡ï¡ï¡ï¡ï¡ï¡ï¡ï¡ï¡ï
125 || 
126 || ¡ï¡ï¡ï¡ï¡ï¡ï¡ï¡ï¡ï¡ï¡ï¡ï¡ï¡ï¡ï¡ï¡ï¡ï¡ï¡ï¡ï
127 || 
128 || 
129 || ¡ï¡ï¡ï¡ï¡ï¡ï¡ï¡ï¡ï¡ï¡ï¡ï¡ï¡ï¡ï¡ï¡ï¡ï¡ï¡ï¡ï¡ï¡ï¡ï¡ï¡ï¡ï¡ï¡ï¡ï¡ï¡ï
130 || 
131 || 
132 || ¡ï¡ï¡ï¡ï¡ï¡ï¡ï¡ï¡ï¡ï¡ï¡ï¡ï¡ï¡ï¡ï¡ï¡ï¡ï¡ï¡ï¡ï¡ï¡ï¡ï¡ï¡ï¡ï¡ï¡ï¡ï¡ï
133 || 
134 || ¡ï¡ï¡ï¡ï¡ï¡ï¡ï¡ï¡ï¡ï¡ï¡ï¡ï¡ï¡ï¡ï¡ï¡ï¡ï¡ï¡ï¡ï¡ï
135 || 
136 || 
137 || ¡ï¡ï¡ï¡ï¡ï¡ï¡ï¡ï¡ï¡ï¡ï¡ï¡ï¡ï¡ï¡ï¡ï¡ï¡ï¡ï¡ï¡ï¡ï¡ï¡ï¡ï¡ï¡ï
138 || 
139 || 
140 || ¡ï¡ï¡ï¡ï¡ï¡ï¡ï¡ï¡ï¡ï¡ï¡ï¡ï¡ï¡ï¡ï¡ï¡ï¡ï¡ï¡ï¡ï¡ï¡ï¡ï¡ï¡ï¡ï¡ï¡ï¡ï¡ï¡ï¡ï¡ï
141 || 
142 || 
143 || ¡ï¡ï¡ï¡ï¡ï¡ï¡ï¡ï¡ï¡ï¡ï¡ï¡ï¡ï¡ï¡ï¡ï¡ï¡ï¡ï¡ï¡ï¡ï¡ï¡ï¡ï¡ï¡ï¡ï¡ï¡ï¡ï¡ï
144 || 
145 || 
146 || ¡ï¡ï¡ï¡ï¡ï¡ï¡ï¡ï¡ï¡ï¡ï¡ï¡ï¡ï¡ï¡ï¡ï¡ï¡ï¡ï¡ï¡ï¡ï¡ï¡ï¡ï¡ï¡ï¡ï¡ï
147 || 
148 || ¡ï¡ï¡ï¡ï¡ï¡ï¡ï¡ï¡ï¡ï¡ï¡ï¡ï¡ï¡ï¡ï¡ï¡ï¡ï¡ï¡ï¡ï¡ï
149 || 
150 || 
151 || ¡ï¡ï¡ï¡ï¡ï¡ï¡ï¡ï¡ï¡ï¡ï¡ï¡ï¡ï¡ï¡ï¡ï¡ï¡ï¡ï¡ï¡ï¡ï¡ï¡ï¡ï¡ï¡ï¡ï¡ï¡ï¡ï¡ï¡ï¡ï¡ï
152 || 
153 || 
154 || ¡ï¡ï¡ï¡ï¡ï¡ï¡ï¡ï¡ï¡ï¡ï¡ï¡ï¡ï¡ï¡ï¡ï¡ï¡ï¡ï¡ï¡ï¡ï¡ï¡ï¡ï¡ï¡ï¡ï¡ï¡ï¡ï¡ï¡ï¡ï¡ï¡ï
155 || 
156 || 
157 || ¡ï¡ï¡ï¡ï¡ï¡ï¡ï¡ï¡ï¡ï¡ï¡ï¡ï¡ï¡ï¡ï¡ï¡ï¡ï¡ï¡ï¡ï¡ï¡ï¡ï¡ï¡ï¡ï¡ï¡ï
158 || 
159 || 
160 || ¡ï¡ï¡ï¡ï¡ï¡ï¡ï¡ï¡ï¡ï¡ï¡ï¡ï¡ï¡ï¡ï¡ï¡ï¡ï¡ï¡ï¡ï¡ï¡ï¡ï¡ï¡ï¡ï¡ï¡ï¡ï¡ï¡ï¡ï
161 || 
162 || 
163 || ¡ï¡ï¡ï¡ï¡ï¡ï¡ï¡ï¡ï¡ï¡ï¡ï¡ï¡ï¡ï¡ï¡ï¡ï¡ï¡ï¡ï¡ï¡ï¡ï¡ï¡ï¡ï¡ï¡ï¡ï¡ï
164 || 
165 || ¡ï¡ï¡ï¡ï¡ï¡ï¡ï¡ï¡ï¡ï¡ï¡ï¡ï¡ï¡ï¡ï¡ï¡ï¡ï¡ï¡ï¡ï¡ï¡ï
166 || 
167 || 
168 || ¡ï¡ï¡ï¡ï¡ï¡ï¡ï¡ï¡ï¡ï¡ï¡ï¡ï¡ï¡ï¡ï¡ï¡ï¡ï¡ï¡ï¡ï¡ï¡ï¡ï¡ï¡ï¡ï¡ï¡ï¡ï
169 || 
170 || 
171 || ¡ï¡ï¡ï¡ï¡ï¡ï¡ï¡ï¡ï¡ï¡ï¡ï¡ï¡ï¡ï¡ï¡ï¡ï¡ï¡ï¡ï¡ï¡ï¡ï¡ï¡ï¡ï¡ï¡ï¡ï¡ï
172 || 
173 || 
174 || ¡ï¡ï¡ï¡ï¡ï¡ï¡ï¡ï¡ï¡ï¡ï¡ï¡ï¡ï¡ï¡ï¡ï¡ï¡ï¡ï¡ï¡ï¡ï¡ï¡ï¡ï¡ï¡ï¡ï¡ï
175 || 
176 || 
177 || ¡ï¡ï¡ï¡ï¡ï¡ï¡ï¡ï¡ï¡ï¡ï¡ï¡ï¡ï¡ï¡ï¡ï¡ï¡ï¡ï¡ï¡ï¡ï¡ï¡ï¡ï¡ï¡ï¡ï¡ï¡ï¡ï¡ï
178 || 
179 || ¡ï¡ï¡ï¡ï¡ï¡ï¡ï¡ï¡ï¡ï¡ï¡ï¡ï¡ï¡ï¡ï¡ï¡ï¡ï¡ï¡ï¡ï¡ï¡ï¡ï¡ï¡ï¡ï¡ï¡ï¡ï
180 || 
181 || 
182 || ¡ï¡ï¡ï¡ï¡ï¡ï¡ï¡ï¡ï¡ï¡ï¡ï¡ï¡ï¡ï¡ï¡ï¡ï¡ï¡ï¡ï¡ï¡ï¡ï¡ï¡ï¡ï¡ï¡ï
183 || 
184 || ¡ï¡ï¡ï¡ï¡ï¡ï¡ï¡ï¡ï¡ï¡ï¡ï¡ï¡ï¡ï¡ï¡ï¡ï¡ï¡ï¡ï¡ï¡ï¡ï¡ï¡ï
185 || 
186 || 
187 || ¡ï¡ï¡ï¡ï¡ï¡ï¡ï¡ï¡ï¡ï¡ï¡ï¡ï¡ï¡ï¡ï¡ï¡ï¡ï¡ï¡ï¡ï¡ï¡ï¡ï¡ï¡ï¡ï¡ï
188 || 
189 || ¡ï¡ï¡ï¡ï¡ï¡ï¡ï¡ï¡ï¡ï¡ï¡ï¡ï¡ï¡ï¡ï¡ï¡ï¡ï¡ï¡ï¡ï¡ï¡ï¡ï
190 || 
191 || 
192 || ¡ï¡ï¡ï¡ï¡ï¡ï¡ï¡ï¡ï¡ï¡ï¡ï¡ï¡ï¡ï¡ï¡ï¡ï¡ï¡ï¡ï¡ï¡ï¡ï¡ï
193 || 
194 || ¡ï¡ï¡ï¡ï¡ï¡ï¡ï¡ï¡ï¡ï¡ï¡ï¡ï¡ï¡ï¡ï¡ï¡ï¡ï¡ï¡ï¡ï¡ï
195 || 
196 || ¡ï¡ï¡ï¡ï¡ï¡ï¡ï¡ï¡ï¡ï¡ï¡ï¡ï¡ï¡ï¡ï¡ï¡ï¡ï¡ï¡ï¡ï¡ï¡ï
197 || 
198 || 
199 || ¡ï¡ï¡ï¡ï¡ï¡ï¡ï¡ï¡ï¡ï¡ï¡ï¡ï¡ï¡ï¡ï¡ï¡ï¡ï¡ï¡ï¡ï¡ï¡ï¡ï¡ï¡ï¡ï
200 || 
201 || ¡ï¡ï¡ï¡ï¡ï¡ï¡ï¡ï¡ï¡ï¡ï¡ï¡ï¡ï¡ï¡ï¡ï¡ï¡ï¡ï¡ï¡ï¡ï¡ï¡ï
202 || 
203 || ¡ï¡ï¡ï¡ï¡ï¡ï¡ï¡ï¡ï¡ï¡ï¡ï¡ï¡ï¡ï¡ï¡ï¡ï¡ï¡ï¡ï¡ï¡ï¡ï¡ï
204 || 
205 || ¡ï¡ï¡ï¡ï¡ï¡ï¡ï¡ï¡ï¡ï¡ï¡ï¡ï¡ï¡ï¡ï¡ï¡ï¡ï¡ï¡ï¡ï
206 || 
207 || ¡ï¡ï¡ï¡ï¡ï¡ï¡ï¡ï¡ï¡ï¡ï¡ï¡ï¡ï¡ï¡ï¡ï¡ï¡ï¡ï¡ï¡ï¡ï¡ï¡ï
208 || 
209 || ¡ï¡ï¡ï¡ï¡ï¡ï¡ï¡ï¡ï¡ï¡ï¡ï¡ï¡ï¡ï¡ï¡ï¡ï¡ï¡ï¡ï
210 || 
211 || ¡ï¡ï¡ï¡ï¡ï¡ï¡ï¡ï¡ï¡ï¡ï¡ï¡ï¡ï¡ï¡ï¡ï¡ï¡ï¡ï¡ï¡ï¡ï
212 || 
213 || 
214 || ¡ï¡ï¡ï¡ï¡ï¡ï¡ï¡ï¡ï¡ï¡ï¡ï¡ï¡ï¡ï¡ï¡ï¡ï¡ï¡ï¡ï¡ï¡ï¡ï¡ï
215 || 
216 || ¡ï¡ï¡ï¡ï¡ï¡ï¡ï¡ï¡ï¡ï¡ï¡ï¡ï¡ï¡ï¡ï¡ï¡ï¡ï¡ï¡ï¡ï¡ï¡ï
217 || 
218 || ¡ï¡ï¡ï¡ï¡ï¡ï¡ï¡ï¡ï¡ï¡ï¡ï¡ï¡ï¡ï¡ï¡ï¡ï¡ï¡ï¡ï¡ï¡ï
219 || 
220 || ¡ï¡ï¡ï¡ï¡ï¡ï¡ï¡ï¡ï¡ï¡ï¡ï¡ï¡ï¡ï¡ï¡ï¡ï¡ï¡ï¡ï¡ï¡ï¡ï¡ï
221 || 
222 || 
223 || ¡ï¡ï¡ï¡ï¡ï¡ï¡ï¡ï¡ï¡ï¡ï¡ï¡ï¡ï¡ï¡ï¡ï¡ï¡ï¡ï¡ï¡ï¡ï¡ï¡ï¡ï
224 || 
225 || ¡ï¡ï¡ï¡ï¡ï¡ï¡ï¡ï¡ï¡ï¡ï¡ï¡ï¡ï¡ï¡ï¡ï¡ï¡ï¡ï¡ï¡ï¡ï
226 || 
227 || ¡ï¡ï¡ï¡ï¡ï¡ï¡ï¡ï¡ï¡ï¡ï¡ï¡ï¡ï¡ï¡ï¡ï¡ï¡ï¡ï¡ï¡ï¡ï
228 || 
229 || ¡ï¡ï¡ï¡ï¡ï¡ï¡ï¡ï¡ï¡ï¡ï¡ï¡ï¡ï¡ï¡ï¡ï¡ï¡ï¡ï¡ï¡ï¡ï¡ï¡ï
230 || 
231 || 
232 || ¡ï¡ï¡ï¡ï¡ï¡ï¡ï¡ï¡ï¡ï¡ï¡ï¡ï¡ï¡ï¡ï¡ï¡ï¡ï¡ï¡ï¡ï¡ï¡ï¡ï¡ï¡ï¡ï¡ï
233 || 
234 || ¡ï¡ï¡ï¡ï¡ï¡ï¡ï¡ï¡ï¡ï¡ï¡ï¡ï¡ï¡ï¡ï¡ï¡ï¡ï¡ï¡ï¡ï¡ï¡ï¡ï¡ï¡ï
235 || 
236 || 
237 || ¡ï¡ï¡ï¡ï¡ï¡ï¡ï¡ï¡ï¡ï¡ï¡ï¡ï¡ï¡ï¡ï¡ï¡ï¡ï¡ï¡ï¡ï¡ï¡ï¡ï¡ï¡ï¡ï¡ï¡ï¡ï¡ï
238 || 
239 || 
240 || 
241 || ¡ï¡ï¡ï¡ï¡ï¡ï¡ï¡ï¡ï¡ï¡ï¡ï¡ï¡ï¡ï¡ï¡ï¡ï¡ï¡ï¡ï¡ï¡ï¡ï¡ï¡ï¡ï¡ï¡ï¡ï¡ï¡ï¡ï¡ï¡ï¡ï¡ï¡ï
242 || 
243 || 
244 || 
245 || ¡ï¡ï¡ï¡ï¡ï¡ï¡ï¡ï¡ï¡ï¡ï¡ï¡ï¡ï¡ï¡ï¡ï¡ï¡ï¡ï¡ï¡ï¡ï¡ï¡ï¡ï¡ï¡ï¡ï¡ï¡ï¡ï¡ï¡ï¡ï¡ï¡ï¡ï¡ï¡ï¡ï¡ï¡ï¡ï¡ï¡ï
246 || 
247 || 
248 || 
249 || 
250 || 
251 || 
252 || 
253 || 
254 || 
255 || ¡ï¡ï¡ï¡ï¡ï¡ï¡ï¡ï¡ï¡ï¡ï¡ï¡ï¡ï¡ï¡ï¡ï¡ï¡ï¡ï¡ï¡ï¡ï¡ï¡ï¡ï¡ï¡ï¡ï¡ï¡ï¡ï¡ï¡ï¡ï¡ï¡ï¡ï¡ï¡ï¡ï¡ï¡ï¡ï¡ï¡ï¡ï¡ï¡ï¡ï¡ï¡ï¡ï¡ï¡ï¡ï¡ï¡ï¡ï¡ï¡ï¡ï¡ï¡ï¡ï¡ï¡ï¡ï¡ï¡ï¡ï¡ï¡ï¡ï¡ï¡ï¡ï¡ï¡ï¡ï¡ï¡ï¡ï¡ï¡ï¡ï¡ï¡ï¡ï¡ï¡ï¡ï¡ï¡ï¡ï¡ï¡ï¡ï¡ï¡ï¡ï¡ï¡ï¡ï¡ï¡ï¡ï
