0 || 
1 || 
2 || 
3 || 
4 || 
5 || 
6 || 
7 || 
8 || 
9 || 
10 || 
11 || 
12 || 
13 || 
14 || 
15 || 
16 || 
17 || 
18 || 
19 || 
20 || 
21 || 
22 || 
23 || 
24 || 
25 || 
26 || 
27 || 
28 || 
29 || 
30 || 
31 || 
32 || 
33 || 
34 || 
35 || 
36 || 
37 || 
38 || 
39 || 
40 || 
41 || 
42 || 
43 || 
44 || 
45 || 
46 || 
47 || 
48 || 
49 || 
50 || 
51 || 
52 || 
53 || 
54 || 
55 || 
56 || 
57 || 
58 || 
59 || 
60 || 
61 || 
62 || 
63 || 
64 || 
65 || 
66 || 
67 || 
68 || 
69 || 
70 || 
71 || 
72 || 
73 || 
74 || 
75 || 
76 || 
77 || 
78 || 
79 || 
80 || 
81 || 
82 || 
83 || 
84 || 
85 || 
86 || 
87 || 
88 || 
89 || 
90 || 
91 || 
92 || 
93 || 
94 || 
95 || 
96 || 
97 || 
98 || 
99 || 
100 || 
101 || 
102 || 
103 || 
104 || 
105 || 
106 || 
107 || 
108 || 
109 || 
110 || 
111 || 
112 || 
113 || 
114 || 
115 || 
116 || 
117 || 
118 || 
119 || 
120 || 
121 || 
122 || 
123 || 
124 || 
125 || 
126 || 
127 || 
128 || 
129 || 
130 || 
131 || 
132 || 
133 || 
134 || 
135 || 
136 || 
137 || 
138 || 
139 || 
140 || 
141 || 
142 || 
143 || 
144 || 
145 || 
146 || 
147 || 
148 || 
149 || 
150 || 
151 || 
152 || ¡ï¡ï¡ï¡ï¡ï¡ï¡ï¡ï¡ï¡ï¡ï¡ï¡ï¡ï¡ï¡ï¡ï¡ï¡ï¡ï¡ï¡ï¡ï¡ï¡ï¡ï¡ï¡ï¡ï¡ï¡ï¡ï¡ï¡ï¡ï¡ï¡ï¡ï¡ï¡ï¡ï¡ï¡ï¡ï¡ï¡ï¡ï¡ï¡ï¡ï¡ï¡ï¡ï¡ï¡ï¡ï¡ï¡ï¡ï¡ï¡ï¡ï¡ï¡ï¡ï¡ï¡ï¡ï¡ï¡ï¡ï¡ï¡ï¡ï¡ï¡ï¡ï¡ï¡ï¡ï¡ï¡ï¡ï¡ï¡ï¡ï¡ï¡ï¡ï
153 || ¡ï¡ï¡ï¡ï¡ï¡ï¡ï¡ï¡ï¡ï¡ï¡ï¡ï¡ï¡ï¡ï¡ï¡ï¡ï¡ï¡ï¡ï¡ï
154 || ¡ï¡ï¡ï¡ï¡ï¡ï¡ï¡ï¡ï¡ï¡ï¡ï¡ï¡ï¡ï¡ï¡ï¡ï¡ï¡ï¡ï¡ï
155 || ¡ï
156 || ¡ï¡ï¡ï¡ï¡ï¡ï¡ï¡ï¡ï¡ï¡ï¡ï¡ï¡ï¡ï¡ï¡ï¡ï¡ï¡ï¡ï¡ï¡ï¡ï¡ï¡ï
157 || ¡ï¡ï¡ï¡ï¡ï¡ï¡ï¡ï¡ï¡ï¡ï¡ï¡ï
158 || ¡ï¡ï¡ï¡ï¡ï¡ï¡ï¡ï¡ï¡ï¡ï
159 || ¡ï¡ï¡ï¡ï¡ï¡ï¡ï¡ï¡ï¡ï¡ï¡ï
160 || ¡ï¡ï¡ï¡ï¡ï¡ï¡ï¡ï¡ï¡ï¡ï¡ï¡ï¡ï¡ï¡ï¡ï
161 || ¡ï¡ï¡ï¡ï¡ï¡ï¡ï¡ï¡ï¡ï¡ï¡ï¡ï¡ï¡ï¡ï¡ï¡ï¡ï¡ï¡ï¡ï¡ï¡ï¡ï¡ï¡ï¡ï¡ï¡ï¡ï¡ï¡ï¡ï¡ï¡ï¡ï¡ï
162 || ¡ï¡ï¡ï¡ï¡ï¡ï¡ï¡ï¡ï¡ï¡ï¡ï¡ï¡ï¡ï¡ï¡ï¡ï¡ï¡ï¡ï¡ï¡ï¡ï¡ï¡ï¡ï¡ï
163 || 
164 || ¡ï¡ï¡ï¡ï¡ï¡ï¡ï¡ï¡ï¡ï¡ï¡ï¡ï¡ï¡ï¡ï¡ï¡ï¡ï¡ï¡ï¡ï¡ï¡ï¡ï¡ï¡ï¡ï¡ï¡ï¡ï¡ï¡ï¡ï¡ï¡ï¡ï¡ï¡ï¡ï¡ï¡ï¡ï¡ï¡ï¡ï¡ï¡ï¡ï¡ï¡ï
165 || ¡ï¡ï¡ï¡ï¡ï¡ï¡ï¡ï¡ï¡ï¡ï¡ï¡ï¡ï¡ï¡ï¡ï¡ï¡ï¡ï¡ï¡ï¡ï¡ï¡ï¡ï¡ï¡ï¡ï¡ï¡ï¡ï¡ï¡ï¡ï¡ï¡ï¡ï¡ï¡ï¡ï¡ï¡ï¡ï¡ï¡ï¡ï¡ï¡ï¡ï¡ï¡ï¡ï¡ï¡ï¡ï¡ï¡ï¡ï¡ï¡ï¡ï¡ï¡ï¡ï¡ï¡ï¡ï¡ï¡ï¡ï¡ï¡ï¡ï¡ï¡ï¡ï¡ï¡ï¡ï¡ï¡ï¡ï¡ï¡ï¡ï¡ï¡ï¡ï¡ï¡ï¡ï¡ï¡ï¡ï¡ï¡ï¡ï¡ï¡ï¡ï¡ï¡ï¡ï¡ï
166 || ¡ï¡ï¡ï¡ï¡ï¡ï¡ï¡ï¡ï¡ï¡ï¡ï¡ï¡ï¡ï¡ï¡ï¡ï¡ï¡ï¡ï¡ï¡ï¡ï¡ï¡ï¡ï¡ï¡ï¡ï¡ï¡ï¡ï¡ï¡ï¡ï¡ï¡ï¡ï¡ï¡ï¡ï¡ï¡ï¡ï¡ï¡ï¡ï¡ï
167 || ¡ï¡ï¡ï¡ï¡ï¡ï¡ï¡ï¡ï¡ï¡ï¡ï¡ï¡ï¡ï¡ï¡ï¡ï¡ï¡ï¡ï¡ï¡ï¡ï¡ï¡ï¡ï¡ï¡ï¡ï¡ï¡ï¡ï¡ï¡ï¡ï¡ï¡ï¡ï¡ï¡ï¡ï¡ï¡ï¡ï¡ï¡ï¡ï¡ï¡ï¡ï¡ï¡ï¡ï¡ï¡ï¡ï¡ï¡ï¡ï¡ï¡ï¡ï¡ï¡ï¡ï¡ï
168 || ¡ï¡ï¡ï¡ï¡ï¡ï¡ï¡ï¡ï¡ï¡ï¡ï¡ï¡ï¡ï¡ï¡ï¡ï¡ï¡ï¡ï¡ï¡ï¡ï¡ï¡ï¡ï¡ï¡ï¡ï¡ï¡ï¡ï
169 || ¡ï
170 || ¡ï¡ï¡ï¡ï¡ï¡ï¡ï¡ï¡ï¡ï¡ï¡ï¡ï¡ï¡ï¡ï¡ï¡ï¡ï¡ï¡ï¡ï¡ï¡ï¡ï¡ï¡ï¡ï¡ï¡ï¡ï¡ï¡ï¡ï¡ï¡ï¡ï¡ï¡ï¡ï¡ï¡ï¡ï¡ï¡ï¡ï¡ï
171 || ¡ï¡ï¡ï¡ï¡ï¡ï¡ï¡ï¡ï¡ï¡ï¡ï¡ï¡ï¡ï¡ï¡ï¡ï¡ï¡ï¡ï¡ï
172 || ¡ï¡ï
173 || ¡ï¡ï¡ï¡ï¡ï¡ï¡ï¡ï¡ï¡ï¡ï¡ï¡ï¡ï¡ï¡ï¡ï¡ï¡ï¡ï¡ï¡ï¡ï¡ï¡ï¡ï¡ï¡ï¡ï¡ï¡ï¡ï¡ï¡ï¡ï¡ï¡ï
174 || ¡ï¡ï¡ï¡ï¡ï¡ï¡ï¡ï¡ï¡ï¡ï¡ï¡ï¡ï¡ï¡ï¡ï¡ï¡ï¡ï
175 || ¡ï¡ï¡ï¡ï¡ï¡ï¡ï¡ï¡ï¡ï¡ï¡ï¡ï¡ï¡ï¡ï¡ï¡ï¡ï¡ï¡ï
176 || ¡ï¡ï¡ï¡ï¡ï¡ï¡ï¡ï¡ï¡ï¡ï¡ï¡ï¡ï¡ï¡ï¡ï¡ï¡ï¡ï
177 || ¡ï¡ï
178 || ¡ï¡ï¡ï¡ï¡ï¡ï¡ï¡ï¡ï¡ï¡ï¡ï¡ï¡ï¡ï¡ï¡ï¡ï¡ï¡ï¡ï¡ï¡ï¡ï¡ï¡ï¡ï¡ï¡ï¡ï¡ï¡ï¡ï¡ï¡ï¡ï
179 || ¡ï
180 || ¡ï¡ï¡ï¡ï¡ï¡ï¡ï¡ï¡ï¡ï¡ï¡ï¡ï¡ï¡ï¡ï¡ï¡ï¡ï¡ï¡ï¡ï¡ï¡ï¡ï¡ï¡ï¡ï¡ï¡ï¡ï¡ï¡ï
181 || ¡ï¡ï¡ï¡ï¡ï¡ï¡ï¡ï¡ï¡ï¡ï¡ï¡ï¡ï¡ï¡ï
182 || ¡ï¡ï¡ï¡ï¡ï¡ï¡ï¡ï¡ï¡ï¡ï¡ï¡ï¡ï¡ï¡ï
183 || ¡ï¡ï¡ï¡ï¡ï¡ï¡ï¡ï¡ï¡ï¡ï¡ï¡ï¡ï¡ï¡ï
184 || ¡ï¡ï¡ï¡ï¡ï¡ï¡ï¡ï¡ï¡ï¡ï¡ï¡ï¡ï¡ï¡ï
185 || ¡ï¡ï¡ï¡ï¡ï¡ï¡ï¡ï¡ï¡ï¡ï¡ï¡ï¡ï¡ï
186 || ¡ï¡ï¡ï¡ï¡ï¡ï¡ï¡ï¡ï¡ï¡ï¡ï¡ï¡ï¡ï¡ï
187 || ¡ï¡ï¡ï¡ï¡ï¡ï¡ï¡ï¡ï¡ï¡ï¡ï¡ï
188 || ¡ï¡ï¡ï¡ï¡ï¡ï¡ï¡ï¡ï¡ï¡ï¡ï¡ï¡ï¡ï
189 || ¡ï¡ï¡ï¡ï¡ï¡ï¡ï¡ï¡ï¡ï¡ï¡ï¡ï¡ï
190 || ¡ï¡ï¡ï¡ï¡ï¡ï¡ï¡ï¡ï¡ï¡ï¡ï¡ï¡ï¡ï¡ï
191 || ¡ï¡ï¡ï¡ï¡ï¡ï¡ï¡ï¡ï¡ï¡ï¡ï¡ï¡ï
192 || ¡ï¡ï¡ï¡ï¡ï¡ï¡ï¡ï¡ï¡ï¡ï¡ï¡ï¡ï¡ï¡ï¡ï¡ï¡ï
193 || ¡ï¡ï¡ï¡ï¡ï¡ï¡ï¡ï¡ï¡ï¡ï¡ï¡ï¡ï¡ï
194 || ¡ï¡ï¡ï¡ï¡ï¡ï¡ï¡ï¡ï¡ï¡ï¡ï¡ï¡ï¡ï¡ï¡ï¡ï¡ï
195 || ¡ï¡ï¡ï¡ï¡ï¡ï¡ï¡ï¡ï¡ï¡ï¡ï¡ï¡ï¡ï¡ï¡ï¡ï¡ï
196 || ¡ï¡ï¡ï¡ï¡ï¡ï¡ï¡ï¡ï¡ï¡ï¡ï¡ï¡ï¡ï¡ï¡ï¡ï¡ï
197 || ¡ï¡ï¡ï¡ï¡ï¡ï¡ï¡ï¡ï¡ï¡ï¡ï¡ï¡ï¡ï¡ï¡ï¡ï¡ï¡ï¡ï¡ï¡ï
198 || ¡ï¡ï¡ï¡ï¡ï¡ï¡ï¡ï¡ï¡ï¡ï¡ï¡ï¡ï¡ï¡ï¡ï¡ï¡ï¡ï
199 || ¡ï¡ï¡ï¡ï¡ï¡ï¡ï¡ï¡ï¡ï¡ï¡ï¡ï¡ï¡ï¡ï¡ï¡ï¡ï¡ï¡ï¡ï¡ï¡ï¡ï
200 || ¡ï¡ï¡ï¡ï¡ï¡ï¡ï¡ï¡ï¡ï¡ï¡ï¡ï¡ï¡ï¡ï¡ï¡ï¡ï¡ï¡ï¡ï¡ï¡ï¡ï¡ï¡ï¡ï¡ï
201 || ¡ï¡ï¡ï¡ï¡ï¡ï¡ï¡ï¡ï¡ï¡ï¡ï¡ï¡ï¡ï¡ï¡ï¡ï¡ï¡ï¡ï¡ï¡ï¡ï¡ï¡ï
202 || ¡ï¡ï¡ï¡ï¡ï¡ï¡ï¡ï¡ï¡ï¡ï¡ï¡ï¡ï¡ï¡ï¡ï¡ï¡ï¡ï¡ï¡ï¡ï¡ï¡ï¡ï¡ï
203 || ¡ï¡ï¡ï¡ï¡ï¡ï¡ï¡ï¡ï¡ï¡ï¡ï¡ï¡ï¡ï¡ï¡ï¡ï¡ï¡ï¡ï¡ï¡ï¡ï¡ï¡ï¡ï¡ï¡ï¡ï
204 || ¡ï¡ï¡ï¡ï¡ï¡ï¡ï¡ï¡ï¡ï¡ï¡ï¡ï¡ï¡ï¡ï¡ï¡ï¡ï¡ï¡ï¡ï¡ï
205 || ¡ï¡ï¡ï¡ï¡ï¡ï¡ï¡ï¡ï¡ï¡ï¡ï¡ï¡ï¡ï¡ï¡ï¡ï¡ï¡ï¡ï¡ï¡ï¡ï¡ï¡ï¡ï
206 || ¡ï¡ï¡ï¡ï¡ï¡ï¡ï¡ï¡ï¡ï¡ï¡ï¡ï¡ï¡ï¡ï¡ï¡ï¡ï¡ï¡ï¡ï¡ï¡ï¡ï¡ï
207 || ¡ï¡ï¡ï¡ï¡ï¡ï¡ï¡ï¡ï¡ï¡ï¡ï¡ï¡ï¡ï¡ï¡ï¡ï¡ï¡ï¡ï¡ï¡ï¡ï¡ï
208 || ¡ï¡ï¡ï¡ï¡ï¡ï¡ï¡ï¡ï¡ï¡ï¡ï¡ï¡ï¡ï¡ï¡ï¡ï¡ï¡ï¡ï
209 || ¡ï¡ï¡ï¡ï¡ï¡ï¡ï¡ï¡ï¡ï¡ï¡ï¡ï¡ï¡ï¡ï¡ï¡ï¡ï¡ï¡ï¡ï¡ï¡ï¡ï¡ï¡ï¡ï¡ï¡ï¡ï¡ï
210 || ¡ï¡ï¡ï¡ï¡ï¡ï¡ï¡ï¡ï¡ï¡ï¡ï¡ï¡ï¡ï¡ï¡ï¡ï¡ï¡ï¡ï¡ï¡ï¡ï¡ï¡ï¡ï¡ï¡ï¡ï¡ï¡ï
211 || ¡ï¡ï¡ï¡ï¡ï¡ï¡ï¡ï¡ï¡ï¡ï¡ï¡ï¡ï¡ï¡ï¡ï¡ï¡ï¡ï¡ï¡ï¡ï
212 || ¡ï¡ï¡ï¡ï¡ï¡ï¡ï¡ï¡ï¡ï¡ï¡ï¡ï¡ï¡ï¡ï¡ï¡ï¡ï¡ï¡ï¡ï¡ï¡ï¡ï¡ï¡ï¡ï
213 || ¡ï¡ï¡ï¡ï¡ï¡ï¡ï¡ï¡ï¡ï¡ï¡ï¡ï¡ï¡ï¡ï¡ï¡ï¡ï¡ï¡ï¡ï¡ï¡ï¡ï¡ï¡ï¡ï¡ï¡ï¡ï¡ï¡ï¡ï¡ï
214 || ¡ï¡ï¡ï¡ï¡ï¡ï¡ï¡ï¡ï¡ï¡ï¡ï¡ï¡ï¡ï¡ï¡ï¡ï¡ï¡ï¡ï¡ï¡ï¡ï¡ï¡ï¡ï¡ï¡ï¡ï¡ï¡ï¡ï
215 || ¡ï¡ï¡ï¡ï¡ï¡ï¡ï¡ï¡ï¡ï¡ï¡ï¡ï¡ï¡ï¡ï¡ï¡ï¡ï¡ï¡ï¡ï¡ï¡ï¡ï¡ï¡ï¡ï¡ï¡ï
216 || ¡ï¡ï¡ï¡ï¡ï¡ï¡ï¡ï¡ï¡ï¡ï¡ï¡ï¡ï¡ï¡ï¡ï¡ï¡ï¡ï¡ï¡ï¡ï
217 || ¡ï¡ï¡ï¡ï¡ï¡ï¡ï¡ï¡ï¡ï¡ï¡ï¡ï¡ï¡ï¡ï¡ï¡ï¡ï¡ï¡ï¡ï¡ï¡ï¡ï¡ï¡ï¡ï¡ï¡ï¡ï¡ï¡ï¡ï¡ï¡ï
218 || ¡ï¡ï¡ï¡ï¡ï¡ï¡ï¡ï¡ï¡ï¡ï¡ï¡ï¡ï¡ï¡ï¡ï¡ï¡ï¡ï¡ï¡ï¡ï¡ï¡ï¡ï¡ï¡ï¡ï¡ï¡ï¡ï¡ï¡ï¡ï¡ï¡ï
219 || ¡ï¡ï¡ï¡ï¡ï¡ï¡ï¡ï¡ï¡ï¡ï¡ï¡ï¡ï¡ï¡ï¡ï¡ï¡ï¡ï¡ï¡ï¡ï¡ï¡ï¡ï¡ï¡ï¡ï¡ï
220 || ¡ï¡ï¡ï¡ï¡ï¡ï¡ï¡ï¡ï¡ï¡ï¡ï¡ï¡ï¡ï¡ï¡ï¡ï¡ï¡ï¡ï¡ï¡ï¡ï¡ï¡ï¡ï¡ï¡ï¡ï¡ï¡ï¡ï¡ï
221 || ¡ï¡ï¡ï¡ï¡ï¡ï¡ï¡ï¡ï¡ï¡ï¡ï¡ï¡ï¡ï¡ï¡ï¡ï¡ï¡ï¡ï¡ï¡ï¡ï¡ï¡ï¡ï¡ï¡ï¡ï¡ï
222 || ¡ï¡ï¡ï¡ï¡ï¡ï¡ï¡ï¡ï¡ï¡ï¡ï¡ï¡ï¡ï¡ï¡ï¡ï¡ï¡ï¡ï¡ï¡ï¡ï
223 || ¡ï¡ï¡ï¡ï¡ï¡ï¡ï¡ï¡ï¡ï¡ï¡ï¡ï¡ï¡ï¡ï¡ï¡ï¡ï¡ï¡ï¡ï¡ï¡ï¡ï¡ï¡ï¡ï¡ï¡ï¡ï
224 || ¡ï¡ï¡ï¡ï¡ï¡ï¡ï¡ï¡ï¡ï¡ï¡ï¡ï¡ï¡ï¡ï¡ï¡ï¡ï¡ï¡ï¡ï¡ï¡ï¡ï¡ï¡ï¡ï¡ï¡ï¡ï
225 || ¡ï¡ï¡ï¡ï¡ï¡ï¡ï¡ï¡ï¡ï¡ï¡ï¡ï¡ï¡ï¡ï¡ï¡ï¡ï¡ï¡ï¡ï¡ï¡ï¡ï¡ï¡ï¡ï¡ï¡ï
226 || ¡ï¡ï¡ï¡ï¡ï¡ï¡ï¡ï¡ï¡ï¡ï¡ï¡ï¡ï¡ï¡ï¡ï¡ï¡ï¡ï¡ï¡ï¡ï¡ï¡ï¡ï¡ï¡ï¡ï¡ï¡ï¡ï¡ï
227 || ¡ï¡ï¡ï¡ï¡ï¡ï¡ï¡ï¡ï¡ï¡ï¡ï¡ï¡ï¡ï¡ï¡ï¡ï¡ï¡ï¡ï¡ï¡ï¡ï¡ï¡ï¡ï¡ï¡ï¡ï¡ï
228 || ¡ï¡ï¡ï¡ï¡ï¡ï¡ï¡ï¡ï¡ï¡ï¡ï¡ï¡ï¡ï¡ï¡ï¡ï¡ï¡ï¡ï¡ï¡ï¡ï¡ï¡ï¡ï¡ï¡ï
229 || ¡ï¡ï¡ï¡ï¡ï¡ï¡ï¡ï¡ï¡ï¡ï¡ï¡ï¡ï¡ï¡ï¡ï¡ï¡ï¡ï¡ï¡ï¡ï¡ï¡ï¡ï
230 || ¡ï¡ï¡ï¡ï¡ï¡ï¡ï¡ï¡ï¡ï¡ï¡ï¡ï¡ï¡ï¡ï¡ï¡ï¡ï¡ï¡ï¡ï¡ï¡ï¡ï¡ï¡ï¡ï¡ï
231 || ¡ï¡ï¡ï¡ï¡ï¡ï¡ï¡ï¡ï¡ï¡ï¡ï¡ï¡ï¡ï¡ï¡ï¡ï¡ï¡ï¡ï¡ï¡ï¡ï¡ï
232 || ¡ï¡ï¡ï¡ï¡ï¡ï¡ï¡ï¡ï¡ï¡ï¡ï¡ï¡ï¡ï¡ï¡ï¡ï¡ï¡ï¡ï¡ï¡ï¡ï¡ï
233 || ¡ï¡ï¡ï¡ï¡ï¡ï¡ï¡ï¡ï¡ï¡ï¡ï¡ï¡ï¡ï¡ï¡ï¡ï¡ï¡ï¡ï¡ï¡ï
234 || ¡ï¡ï¡ï¡ï¡ï¡ï¡ï¡ï¡ï¡ï¡ï¡ï¡ï¡ï¡ï¡ï¡ï¡ï¡ï¡ï¡ï¡ï¡ï¡ï
235 || ¡ï¡ï¡ï¡ï¡ï¡ï¡ï¡ï¡ï¡ï¡ï¡ï¡ï¡ï¡ï¡ï¡ï¡ï¡ï¡ï¡ï¡ï¡ï¡ï¡ï¡ï¡ï¡ï
236 || ¡ï¡ï¡ï¡ï¡ï¡ï¡ï¡ï¡ï¡ï¡ï¡ï¡ï¡ï¡ï¡ï¡ï¡ï¡ï¡ï¡ï¡ï¡ï¡ï¡ï
237 || ¡ï¡ï¡ï¡ï¡ï¡ï¡ï¡ï¡ï¡ï¡ï¡ï¡ï¡ï¡ï¡ï¡ï¡ï¡ï¡ï¡ï¡ï¡ï¡ï¡ï
238 || ¡ï¡ï¡ï¡ï¡ï¡ï¡ï¡ï¡ï¡ï¡ï¡ï¡ï¡ï¡ï¡ï¡ï¡ï¡ï¡ï¡ï¡ï
239 || ¡ï¡ï¡ï¡ï¡ï¡ï¡ï¡ï¡ï¡ï¡ï¡ï¡ï¡ï¡ï¡ï¡ï¡ï¡ï¡ï¡ï¡ï¡ï¡ï¡ï
240 || ¡ï¡ï¡ï¡ï¡ï¡ï¡ï¡ï¡ï¡ï¡ï¡ï¡ï¡ï¡ï¡ï¡ï¡ï¡ï¡ï¡ï
241 || ¡ï¡ï¡ï¡ï¡ï¡ï¡ï¡ï¡ï¡ï¡ï¡ï¡ï¡ï¡ï¡ï¡ï¡ï¡ï¡ï¡ï¡ï¡ï
242 || ¡ï¡ï¡ï¡ï¡ï¡ï¡ï¡ï¡ï¡ï¡ï¡ï¡ï¡ï¡ï¡ï¡ï¡ï¡ï¡ï¡ï¡ï¡ï¡ï¡ï
243 || ¡ï¡ï¡ï¡ï¡ï¡ï¡ï¡ï¡ï¡ï¡ï¡ï¡ï¡ï¡ï¡ï¡ï¡ï¡ï¡ï¡ï¡ï¡ï¡ï
244 || ¡ï¡ï¡ï¡ï¡ï¡ï¡ï¡ï¡ï¡ï¡ï¡ï¡ï¡ï¡ï¡ï¡ï¡ï¡ï¡ï¡ï¡ï¡ï
245 || ¡ï¡ï¡ï¡ï¡ï¡ï¡ï¡ï¡ï¡ï¡ï¡ï¡ï¡ï¡ï¡ï¡ï¡ï¡ï¡ï¡ï¡ï¡ï¡ï¡ï
246 || ¡ï¡ï¡ï¡ï¡ï¡ï¡ï¡ï¡ï¡ï¡ï¡ï¡ï¡ï¡ï¡ï¡ï¡ï¡ï¡ï¡ï¡ï¡ï¡ï¡ï¡ï
247 || ¡ï¡ï¡ï¡ï¡ï¡ï¡ï¡ï¡ï¡ï¡ï¡ï¡ï¡ï¡ï¡ï¡ï¡ï¡ï¡ï¡ï¡ï¡ï
248 || ¡ï¡ï¡ï¡ï¡ï¡ï¡ï¡ï¡ï¡ï¡ï¡ï¡ï¡ï¡ï¡ï¡ï¡ï¡ï¡ï¡ï¡ï¡ï
249 || ¡ï¡ï¡ï¡ï¡ï¡ï¡ï¡ï¡ï¡ï¡ï¡ï¡ï¡ï¡ï¡ï¡ï¡ï¡ï¡ï¡ï¡ï¡ï¡ï¡ï
250 || ¡ï¡ï¡ï¡ï¡ï¡ï¡ï¡ï¡ï¡ï¡ï¡ï¡ï¡ï¡ï¡ï¡ï¡ï¡ï¡ï¡ï¡ï¡ï¡ï¡ï¡ï¡ï¡ï¡ï
251 || ¡ï¡ï¡ï¡ï¡ï¡ï¡ï¡ï¡ï¡ï¡ï¡ï¡ï¡ï¡ï¡ï¡ï¡ï¡ï¡ï¡ï¡ï¡ï¡ï¡ï¡ï¡ï
252 || ¡ï¡ï¡ï¡ï¡ï¡ï¡ï¡ï¡ï¡ï¡ï¡ï¡ï¡ï¡ï¡ï¡ï¡ï¡ï¡ï¡ï¡ï¡ï¡ï¡ï¡ï¡ï¡ï¡ï¡ï¡ï¡ï
253 || ¡ï¡ï¡ï¡ï¡ï¡ï¡ï¡ï¡ï¡ï¡ï¡ï¡ï¡ï¡ï¡ï¡ï¡ï¡ï¡ï¡ï¡ï¡ï¡ï¡ï¡ï¡ï¡ï¡ï¡ï¡ï¡ï¡ï¡ï¡ï¡ï¡ï¡ï
254 || ¡ï¡ï¡ï¡ï¡ï¡ï¡ï¡ï¡ï¡ï¡ï¡ï¡ï¡ï¡ï¡ï¡ï¡ï¡ï¡ï¡ï¡ï¡ï¡ï¡ï¡ï¡ï¡ï¡ï¡ï¡ï¡ï¡ï¡ï¡ï¡ï¡ï¡ï¡ï¡ï¡ï¡ï¡ï¡ï¡ï¡ï
255 || ¡ï¡ï¡ï¡ï¡ï¡ï¡ï¡ï¡ï¡ï¡ï¡ï¡ï¡ï¡ï¡ï¡ï¡ï¡ï¡ï¡ï¡ï¡ï¡ï¡ï¡ï¡ï¡ï¡ï¡ï¡ï¡ï¡ï¡ï¡ï¡ï¡ï¡ï¡ï¡ï¡ï¡ï¡ï¡ï¡ï¡ï¡ï¡ï¡ï¡ï¡ï¡ï¡ï¡ï¡ï¡ï¡ï¡ï¡ï¡ï¡ï¡ï¡ï¡ï¡ï¡ï¡ï¡ï¡ï¡ï¡ï¡ï¡ï¡ï¡ï¡ï¡ï¡ï¡ï¡ï¡ï¡ï¡ï¡ï¡ï¡ï¡ï¡ï¡ï¡ï¡ï¡ï¡ï¡ï¡ï¡ï¡ï¡ï¡ï¡ï¡ï¡ï¡ï¡ï¡ï¡ï¡ï
