0 || 
1 || 
2 || 
3 || 
4 || 
5 || 
6 || 
7 || 
8 || 
9 || 
10 || 
11 || 
12 || 
13 || 
14 || 
15 || 
16 || 
17 || 
18 || 
19 || 
20 || 
21 || 
22 || 
23 || 
24 || 
25 || 
26 || 
27 || 
28 || 
29 || 
30 || 
31 || 
32 || 
33 || 
34 || 
35 || 
36 || 
37 || 
38 || 
39 || 
40 || 
41 || 
42 || 
43 || 
44 || 
45 || 
46 || 
47 || 
48 || 
49 || 
50 || 
51 || 
52 || 
53 || 
54 || 
55 || 
56 || 
57 || 
58 || 
59 || 
60 || 
61 || 
62 || 
63 || 
64 || 
65 || 
66 || 
67 || 
68 || 
69 || 
70 || 
71 || 
72 || 
73 || 
74 || 
75 || 
76 || 
77 || 
78 || 
79 || 
80 || 
81 || 
82 || 
83 || 
84 || 
85 || 
86 || 
87 || 
88 || 
89 || 
90 || 
91 || 
92 || 
93 || 
94 || 
95 || 
96 || 
97 || 
98 || 
99 || 
100 || 
101 || 
102 || 
103 || 
104 || 
105 || 
106 || 
107 || 
108 || 
109 || 
110 || 
111 || 
112 || 
113 || 
114 || 
115 || 
116 || 
117 || 
118 || 
119 || ¡ï¡ï¡ï¡ï
120 || ¡ï¡ï¡ï¡ï¡ï¡ï¡ï¡ï¡ï¡ï¡ï¡ï¡ï¡ï¡ï
121 || 
122 || ¡ï¡ï¡ï¡ï¡ï¡ï¡ï¡ï¡ï¡ï¡ï¡ï¡ï¡ï¡ï¡ï¡ï¡ï¡ï¡ï¡ï¡ï¡ï¡ï¡ï¡ï¡ï¡ï¡ï¡ï¡ï¡ï¡ï¡ï¡ï¡ï¡ï¡ï¡ï¡ï¡ï¡ï¡ï¡ï¡ï¡ï¡ï¡ï¡ï¡ï¡ï¡ï¡ï¡ï¡ï¡ï¡ï¡ï¡ï¡ï¡ï¡ï¡ï¡ï¡ï¡ï¡ï¡ï¡ï¡ï¡ï¡ï¡ï¡ï¡ï¡ï¡ï¡ï¡ï¡ï¡ï¡ï¡ï¡ï¡ï¡ï¡ï¡ï¡ï¡ï¡ï¡ï¡ï¡ï¡ï¡ï¡ï¡ï¡ï¡ï¡ï¡ï¡ï¡ï¡ï¡ï¡ï¡ï¡ï¡ï¡ï¡ï¡ï¡ï¡ï¡ï¡ï¡ï¡ï¡ï¡ï¡ï¡ï¡ï¡ï¡ï¡ï¡ï¡ï¡ï¡ï¡ï¡ï¡ï¡ï
123 || ¡ï¡ï¡ï¡ï¡ï¡ï¡ï¡ï¡ï¡ï¡ï¡ï¡ï¡ï¡ï¡ï¡ï¡ï¡ï¡ï¡ï¡ï¡ï¡ï¡ï¡ï¡ï
124 || ¡ï¡ï¡ï¡ï¡ï¡ï¡ï¡ï¡ï¡ï¡ï¡ï¡ï¡ï¡ï¡ï¡ï¡ï¡ï¡ï¡ï¡ï¡ï¡ï
125 || ¡ï¡ï¡ï¡ï¡ï¡ï¡ï¡ï¡ï¡ï¡ï¡ï¡ï¡ï¡ï¡ï¡ï¡ï¡ï¡ï¡ï¡ï¡ï¡ï¡ï¡ï¡ï¡ï¡ï¡ï¡ï¡ï¡ï¡ï¡ï¡ï¡ï¡ï¡ï¡ï¡ï¡ï¡ï¡ï¡ï¡ï¡ï¡ï¡ï¡ï¡ï¡ï¡ï¡ï¡ï¡ï¡ï¡ï¡ï¡ï¡ï¡ï¡ï¡ï¡ï¡ï¡ï¡ï¡ï¡ï¡ï¡ï¡ï¡ï¡ï¡ï¡ï¡ï¡ï¡ï¡ï¡ï¡ï¡ï¡ï¡ï¡ï¡ï¡ï¡ï¡ï¡ï¡ï¡ï¡ï¡ï¡ï¡ï¡ï¡ï¡ï¡ï¡ï¡ï¡ï¡ï¡ï¡ï¡ï¡ï¡ï¡ï¡ï¡ï¡ï¡ï¡ï¡ï¡ï¡ï¡ï¡ï¡ï¡ï¡ï¡ï¡ï¡ï¡ï¡ï¡ï¡ï¡ï¡ï¡ï¡ï¡ï¡ï¡ï¡ï¡ï¡ï¡ï¡ï¡ï¡ï¡ï¡ï¡ï¡ï¡ï¡ï¡ï¡ï¡ï¡ï¡ï¡ï¡ï¡ï¡ï¡ï¡ï¡ï¡ï¡ï¡ï¡ï¡ï¡ï¡ï¡ï¡ï¡ï¡ï¡ï¡ï¡ï¡ï¡ï¡ï¡ï¡ï¡ï¡ï¡ï¡ï¡ï¡ï¡ï¡ï¡ï¡ï¡ï¡ï¡ï¡ï¡ï¡ï¡ï¡ï¡ï¡ï¡ï¡ï¡ï¡ï¡ï¡ï¡ï¡ï¡ï¡ï¡ï¡ï¡ï¡ï¡ï¡ï¡ï¡ï¡ï¡ï¡ï¡ï¡ï¡ï¡ï¡ï¡ï¡ï¡ï¡ï¡ï¡ï¡ï¡ï¡ï¡ï¡ï¡ï¡ï¡ï¡ï¡ï¡ï¡ï¡ï¡ï¡ï¡ï¡ï¡ï¡ï¡ï¡ï¡ï¡ï¡ï¡ï¡ï¡ï¡ï¡ï¡ï¡ï¡ï¡ï¡ï¡ï¡ï¡ï¡ï¡ï¡ï¡ï¡ï¡ï¡ï¡ï¡ï¡ï¡ï¡ï¡ï¡ï¡ï¡ï¡ï¡ï¡ï¡ï¡ï
126 || ¡ï¡ï¡ï¡ï¡ï¡ï¡ï¡ï¡ï¡ï¡ï¡ï¡ï¡ï¡ï¡ï¡ï¡ï¡ï¡ï¡ï¡ï¡ï¡ï¡ï¡ï¡ï¡ï¡ï¡ï¡ï¡ï¡ï¡ï¡ï¡ï¡ï¡ï¡ï¡ï¡ï¡ï¡ï¡ï¡ï¡ï¡ï¡ï¡ï¡ï¡ï¡ï¡ï¡ï¡ï¡ï¡ï¡ï¡ï¡ï¡ï¡ï¡ï¡ï¡ï¡ï¡ï¡ï¡ï¡ï¡ï¡ï¡ï¡ï¡ï¡ï¡ï¡ï¡ï¡ï¡ï¡ï¡ï¡ï¡ï¡ï¡ï¡ï¡ï¡ï¡ï¡ï¡ï¡ï¡ï¡ï¡ï¡ï¡ï¡ï¡ï¡ï¡ï¡ï¡ï¡ï¡ï¡ï¡ï¡ï¡ï¡ï¡ï¡ï¡ï¡ï¡ï¡ï¡ï¡ï¡ï¡ï¡ï¡ï¡ï¡ï¡ï
127 || ¡ï¡ï¡ï¡ï¡ï¡ï¡ï¡ï¡ï¡ï¡ï¡ï¡ï¡ï¡ï¡ï¡ï¡ï¡ï¡ï¡ï¡ï¡ï¡ï¡ï¡ï¡ï¡ï¡ï¡ï¡ï¡ï¡ï¡ï¡ï¡ï¡ï¡ï¡ï¡ï¡ï¡ï¡ï¡ï¡ï¡ï¡ï¡ï¡ï¡ï¡ï¡ï¡ï¡ï¡ï¡ï¡ï¡ï¡ï¡ï¡ï¡ï¡ï
128 || ¡ï¡ï¡ï¡ï¡ï¡ï¡ï¡ï¡ï¡ï¡ï¡ï¡ï¡ï¡ï¡ï¡ï¡ï¡ï¡ï¡ï¡ï¡ï¡ï¡ï¡ï¡ï¡ï¡ï¡ï¡ï¡ï¡ï¡ï¡ï¡ï¡ï¡ï¡ï¡ï¡ï¡ï¡ï¡ï¡ï¡ï¡ï¡ï¡ï¡ï¡ï¡ï¡ï¡ï¡ï¡ï¡ï¡ï¡ï¡ï¡ï¡ï¡ï¡ï¡ï¡ï¡ï¡ï¡ï¡ï¡ï¡ï¡ï¡ï¡ï¡ï¡ï¡ï¡ï¡ï¡ï
129 || ¡ï¡ï¡ï¡ï¡ï¡ï¡ï¡ï¡ï¡ï¡ï¡ï¡ï¡ï¡ï¡ï¡ï¡ï¡ï¡ï¡ï¡ï¡ï¡ï¡ï¡ï¡ï¡ï¡ï¡ï¡ï¡ï¡ï¡ï¡ï¡ï¡ï¡ï¡ï¡ï¡ï¡ï¡ï¡ï¡ï¡ï¡ï¡ï¡ï¡ï¡ï¡ï¡ï¡ï¡ï¡ï¡ï¡ï¡ï¡ï¡ï
130 || ¡ï¡ï¡ï¡ï¡ï¡ï¡ï¡ï¡ï¡ï¡ï¡ï¡ï¡ï¡ï¡ï¡ï¡ï¡ï¡ï¡ï¡ï¡ï¡ï¡ï¡ï¡ï¡ï¡ï¡ï¡ï¡ï¡ï¡ï¡ï¡ï¡ï¡ï¡ï¡ï¡ï¡ï¡ï¡ï¡ï¡ï¡ï¡ï¡ï¡ï¡ï¡ï¡ï¡ï¡ï¡ï¡ï¡ï¡ï¡ï¡ï¡ï¡ï¡ï¡ï¡ï¡ï¡ï¡ï¡ï¡ï¡ï¡ï¡ï¡ï¡ï¡ï¡ï
131 || ¡ï¡ï¡ï¡ï¡ï¡ï¡ï¡ï¡ï¡ï¡ï¡ï¡ï¡ï¡ï¡ï¡ï¡ï¡ï¡ï¡ï¡ï¡ï¡ï¡ï¡ï¡ï¡ï¡ï¡ï¡ï¡ï¡ï¡ï¡ï¡ï¡ï¡ï¡ï¡ï¡ï¡ï¡ï¡ï¡ï¡ï¡ï¡ï¡ï¡ï¡ï¡ï¡ï¡ï¡ï¡ï¡ï¡ï¡ï¡ï¡ï¡ï¡ï¡ï¡ï¡ï¡ï¡ï
132 || ¡ï¡ï¡ï¡ï¡ï¡ï¡ï¡ï¡ï¡ï¡ï¡ï¡ï¡ï¡ï¡ï¡ï¡ï¡ï¡ï¡ï¡ï¡ï¡ï¡ï¡ï¡ï¡ï¡ï¡ï¡ï¡ï¡ï¡ï¡ï¡ï¡ï¡ï¡ï¡ï¡ï¡ï¡ï¡ï¡ï¡ï¡ï¡ï¡ï¡ï¡ï¡ï¡ï¡ï¡ï¡ï¡ï¡ï¡ï¡ï¡ï¡ï¡ï¡ï¡ï¡ï¡ï¡ï
133 || ¡ï¡ï¡ï¡ï¡ï¡ï¡ï¡ï¡ï¡ï¡ï¡ï¡ï¡ï¡ï¡ï¡ï¡ï¡ï¡ï¡ï¡ï¡ï¡ï¡ï¡ï¡ï¡ï¡ï¡ï¡ï¡ï¡ï¡ï¡ï¡ï¡ï¡ï¡ï¡ï¡ï¡ï¡ï¡ï¡ï¡ï¡ï¡ï¡ï¡ï¡ï¡ï¡ï¡ï¡ï¡ï¡ï¡ï¡ï¡ï¡ï¡ï¡ï¡ï¡ï¡ï¡ï¡ï¡ï¡ï¡ï¡ï¡ï¡ï¡ï¡ï¡ï¡ï¡ï¡ï¡ï¡ï¡ï¡ï¡ï¡ï¡ï¡ï¡ï¡ï¡ï¡ï¡ï¡ï
134 || ¡ï¡ï¡ï¡ï¡ï¡ï¡ï¡ï¡ï¡ï¡ï¡ï¡ï¡ï¡ï¡ï¡ï¡ï¡ï¡ï¡ï¡ï¡ï¡ï¡ï¡ï¡ï¡ï¡ï¡ï¡ï¡ï¡ï¡ï¡ï¡ï¡ï¡ï¡ï¡ï¡ï¡ï¡ï¡ï¡ï¡ï¡ï¡ï¡ï¡ï¡ï¡ï¡ï¡ï¡ï¡ï¡ï¡ï¡ï¡ï¡ï¡ï¡ï¡ï¡ï¡ï¡ï¡ï¡ï¡ï¡ï¡ï¡ï¡ï¡ï¡ï¡ï
135 || ¡ï¡ï¡ï¡ï¡ï¡ï¡ï¡ï¡ï¡ï¡ï¡ï¡ï¡ï¡ï¡ï¡ï¡ï¡ï¡ï¡ï¡ï¡ï¡ï¡ï¡ï¡ï¡ï¡ï¡ï¡ï¡ï¡ï¡ï¡ï¡ï¡ï¡ï¡ï¡ï¡ï¡ï¡ï¡ï¡ï¡ï¡ï¡ï¡ï¡ï¡ï¡ï¡ï¡ï¡ï¡ï¡ï¡ï¡ï¡ï¡ï¡ï¡ï¡ï¡ï¡ï¡ï¡ï¡ï¡ï¡ï¡ï¡ï¡ï¡ï¡ï¡ï¡ï¡ï¡ï¡ï¡ï¡ï¡ï¡ï¡ï¡ï¡ï¡ï¡ï¡ï¡ï¡ï¡ï¡ï¡ï¡ï¡ï¡ï¡ï¡ï¡ï¡ï¡ï¡ï¡ï¡ï¡ï¡ï¡ï¡ï¡ï¡ï¡ï¡ï¡ï¡ï¡ï
136 || ¡ï¡ï¡ï¡ï¡ï¡ï¡ï¡ï¡ï¡ï¡ï¡ï¡ï¡ï¡ï¡ï¡ï¡ï¡ï¡ï¡ï¡ï¡ï¡ï¡ï¡ï¡ï¡ï¡ï¡ï¡ï¡ï¡ï¡ï¡ï¡ï¡ï¡ï¡ï¡ï¡ï¡ï¡ï¡ï¡ï¡ï¡ï¡ï¡ï¡ï¡ï¡ï¡ï¡ï¡ï¡ï¡ï¡ï¡ï¡ï¡ï¡ï¡ï¡ï¡ï¡ï¡ï¡ï¡ï¡ï¡ï¡ï¡ï¡ï¡ï¡ï¡ï¡ï¡ï¡ï¡ï¡ï¡ï¡ï¡ï¡ï¡ï¡ï¡ï¡ï¡ï¡ï¡ï¡ï¡ï¡ï¡ï¡ï¡ï¡ï¡ï¡ï¡ï¡ï¡ï¡ï¡ï¡ï¡ï¡ï¡ï¡ï¡ï¡ï¡ï¡ï¡ï¡ï¡ï¡ï¡ï
137 || ¡ï¡ï¡ï¡ï¡ï¡ï¡ï¡ï¡ï¡ï¡ï¡ï¡ï¡ï¡ï¡ï¡ï¡ï¡ï¡ï¡ï¡ï¡ï¡ï¡ï¡ï¡ï¡ï¡ï¡ï¡ï¡ï¡ï¡ï¡ï¡ï¡ï¡ï¡ï¡ï¡ï¡ï¡ï¡ï¡ï¡ï¡ï¡ï¡ï¡ï¡ï¡ï¡ï¡ï¡ï¡ï¡ï¡ï¡ï¡ï¡ï¡ï¡ï¡ï¡ï¡ï¡ï¡ï¡ï¡ï¡ï¡ï¡ï¡ï¡ï¡ï¡ï¡ï¡ï¡ï¡ï¡ï¡ï¡ï¡ï¡ï¡ï¡ï¡ï¡ï¡ï¡ï¡ï¡ï¡ï¡ï¡ï¡ï¡ï¡ï¡ï¡ï¡ï¡ï¡ï¡ï¡ï¡ï¡ï¡ï¡ï¡ï¡ï
138 || ¡ï¡ï¡ï¡ï¡ï¡ï¡ï¡ï¡ï¡ï¡ï¡ï¡ï¡ï¡ï¡ï¡ï¡ï¡ï¡ï¡ï¡ï¡ï¡ï¡ï¡ï¡ï¡ï¡ï¡ï¡ï¡ï¡ï¡ï¡ï¡ï¡ï¡ï¡ï¡ï¡ï¡ï¡ï¡ï¡ï¡ï¡ï¡ï¡ï¡ï¡ï¡ï¡ï¡ï¡ï¡ï¡ï¡ï¡ï¡ï¡ï¡ï¡ï¡ï¡ï¡ï¡ï¡ï¡ï¡ï¡ï¡ï¡ï¡ï¡ï¡ï¡ï¡ï¡ï¡ï¡ï¡ï¡ï¡ï¡ï¡ï¡ï¡ï¡ï¡ï¡ï¡ï¡ï¡ï¡ï¡ï¡ï¡ï¡ï¡ï¡ï¡ï¡ï¡ï¡ï¡ï¡ï¡ï¡ï¡ï¡ï¡ï¡ï¡ï¡ï¡ï¡ï¡ï¡ï¡ï¡ï¡ï¡ï¡ï¡ï¡ï¡ï¡ï¡ï¡ï¡ï¡ï¡ï¡ï¡ï¡ï¡ï¡ï¡ï¡ï¡ï
139 || ¡ï¡ï¡ï¡ï¡ï¡ï¡ï¡ï¡ï¡ï¡ï¡ï¡ï¡ï¡ï¡ï¡ï¡ï¡ï¡ï¡ï¡ï¡ï¡ï¡ï¡ï¡ï¡ï¡ï¡ï¡ï¡ï¡ï¡ï¡ï¡ï¡ï¡ï¡ï¡ï¡ï¡ï¡ï¡ï¡ï¡ï¡ï¡ï¡ï¡ï¡ï¡ï¡ï¡ï¡ï¡ï¡ï¡ï¡ï¡ï¡ï¡ï¡ï¡ï¡ï¡ï¡ï¡ï¡ï¡ï¡ï¡ï¡ï¡ï¡ï¡ï¡ï¡ï¡ï¡ï¡ï¡ï¡ï¡ï¡ï¡ï¡ï¡ï¡ï¡ï¡ï¡ï¡ï¡ï¡ï¡ï¡ï¡ï¡ï¡ï¡ï¡ï¡ï¡ï¡ï¡ï¡ï¡ï¡ï¡ï¡ï¡ï¡ï¡ï¡ï¡ï¡ï¡ï¡ï¡ï¡ï¡ï¡ï¡ï¡ï¡ï¡ï¡ï¡ï¡ï¡ï¡ï¡ï¡ï¡ï¡ï¡ï¡ï
140 || ¡ï¡ï¡ï¡ï¡ï¡ï¡ï¡ï¡ï¡ï¡ï¡ï¡ï¡ï¡ï¡ï¡ï¡ï¡ï¡ï¡ï¡ï¡ï¡ï¡ï¡ï¡ï¡ï¡ï¡ï¡ï¡ï¡ï¡ï¡ï¡ï¡ï¡ï¡ï¡ï¡ï¡ï¡ï¡ï¡ï¡ï¡ï¡ï¡ï¡ï¡ï¡ï¡ï¡ï¡ï¡ï¡ï¡ï¡ï¡ï¡ï¡ï¡ï¡ï¡ï¡ï¡ï¡ï¡ï¡ï¡ï¡ï¡ï¡ï¡ï¡ï¡ï¡ï¡ï¡ï¡ï¡ï¡ï¡ï¡ï¡ï¡ï¡ï¡ï¡ï¡ï¡ï¡ï¡ï¡ï¡ï¡ï¡ï¡ï¡ï¡ï¡ï¡ï¡ï¡ï¡ï¡ï¡ï¡ï¡ï¡ï¡ï¡ï¡ï¡ï¡ï¡ï¡ï¡ï¡ï¡ï¡ï
141 || ¡ï¡ï¡ï¡ï¡ï¡ï¡ï¡ï¡ï¡ï¡ï¡ï¡ï¡ï¡ï¡ï¡ï¡ï¡ï¡ï¡ï¡ï¡ï¡ï¡ï¡ï¡ï¡ï¡ï¡ï¡ï¡ï¡ï¡ï¡ï¡ï¡ï¡ï¡ï¡ï¡ï¡ï¡ï¡ï¡ï¡ï¡ï¡ï¡ï¡ï¡ï¡ï¡ï¡ï¡ï¡ï¡ï¡ï¡ï¡ï¡ï¡ï¡ï¡ï¡ï¡ï¡ï¡ï¡ï¡ï¡ï¡ï¡ï¡ï¡ï¡ï¡ï¡ï¡ï¡ï¡ï¡ï¡ï¡ï¡ï¡ï¡ï¡ï¡ï¡ï¡ï¡ï¡ï¡ï¡ï¡ï¡ï¡ï¡ï¡ï¡ï¡ï¡ï¡ï¡ï¡ï¡ï¡ï¡ï¡ï¡ï¡ï¡ï¡ï¡ï¡ï¡ï¡ï¡ï¡ï¡ï¡ï¡ï¡ï
142 || ¡ï¡ï¡ï¡ï¡ï¡ï¡ï¡ï¡ï¡ï¡ï¡ï¡ï¡ï¡ï¡ï¡ï¡ï¡ï¡ï¡ï¡ï¡ï¡ï¡ï¡ï¡ï¡ï¡ï¡ï¡ï¡ï¡ï¡ï¡ï¡ï¡ï¡ï¡ï¡ï¡ï¡ï¡ï¡ï¡ï¡ï¡ï¡ï¡ï¡ï¡ï¡ï¡ï¡ï¡ï¡ï¡ï¡ï¡ï¡ï¡ï¡ï¡ï¡ï¡ï¡ï¡ï¡ï¡ï¡ï¡ï¡ï¡ï¡ï¡ï¡ï¡ï¡ï¡ï¡ï¡ï¡ï¡ï¡ï¡ï¡ï¡ï¡ï¡ï¡ï¡ï¡ï¡ï¡ï¡ï¡ï¡ï¡ï¡ï¡ï¡ï¡ï¡ï
143 || ¡ï¡ï¡ï¡ï¡ï
144 || ¡ï¡ï¡ï¡ï¡ï¡ï¡ï¡ï¡ï¡ï¡ï¡ï¡ï¡ï¡ï¡ï¡ï¡ï¡ï¡ï¡ï¡ï¡ï¡ï¡ï¡ï¡ï¡ï¡ï¡ï¡ï¡ï¡ï¡ï¡ï¡ï¡ï¡ï¡ï¡ï¡ï¡ï¡ï¡ï¡ï¡ï¡ï¡ï¡ï¡ï¡ï¡ï¡ï¡ï¡ï¡ï¡ï¡ï¡ï¡ï¡ï¡ï¡ï¡ï¡ï¡ï¡ï¡ï¡ï¡ï¡ï¡ï¡ï¡ï¡ï¡ï¡ï¡ï¡ï¡ï¡ï¡ï¡ï¡ï¡ï¡ï¡ï¡ï¡ï¡ï¡ï¡ï¡ï¡ï¡ï¡ï¡ï¡ï¡ï¡ï¡ï¡ï¡ï¡ï¡ï¡ï¡ï¡ï¡ï¡ï¡ï¡ï¡ï¡ï¡ï¡ï¡ï¡ï¡ï¡ï¡ï¡ï¡ï¡ï¡ï¡ï¡ï¡ï¡ï¡ï¡ï¡ï¡ï¡ï¡ï¡ï¡ï¡ï¡ï¡ï¡ï¡ï¡ï¡ï¡ï¡ï¡ï¡ï¡ï¡ï¡ï¡ï¡ï¡ï¡ï¡ï¡ï¡ï¡ï¡ï¡ï¡ï¡ï¡ï¡ï¡ï¡ï¡ï¡ï¡ï¡ï¡ï¡ï¡ï¡ï¡ï¡ï¡ï¡ï¡ï¡ï¡ï¡ï¡ï¡ï¡ï¡ï¡ï¡ï¡ï¡ï¡ï¡ï¡ï¡ï¡ï
145 || ¡ï¡ï¡ï¡ï¡ï¡ï¡ï¡ï¡ï¡ï¡ï¡ï¡ï¡ï¡ï¡ï¡ï¡ï¡ï¡ï¡ï¡ï¡ï¡ï¡ï¡ï¡ï¡ï¡ï¡ï¡ï¡ï¡ï¡ï¡ï¡ï¡ï¡ï¡ï¡ï¡ï¡ï¡ï¡ï¡ï¡ï¡ï¡ï¡ï¡ï¡ï¡ï¡ï¡ï¡ï¡ï¡ï¡ï¡ï¡ï¡ï¡ï¡ï¡ï¡ï¡ï¡ï¡ï¡ï¡ï¡ï
146 || ¡ï¡ï¡ï¡ï¡ï¡ï¡ï¡ï¡ï¡ï¡ï¡ï¡ï¡ï¡ï¡ï¡ï¡ï¡ï¡ï¡ï¡ï¡ï¡ï¡ï¡ï¡ï¡ï¡ï¡ï¡ï¡ï¡ï¡ï¡ï¡ï¡ï¡ï¡ï¡ï¡ï¡ï¡ï¡ï¡ï¡ï¡ï¡ï¡ï¡ï¡ï¡ï¡ï¡ï¡ï¡ï¡ï¡ï¡ï¡ï¡ï¡ï
147 || ¡ï¡ï¡ï¡ï¡ï¡ï¡ï¡ï¡ï¡ï¡ï¡ï¡ï¡ï¡ï¡ï¡ï¡ï¡ï¡ï¡ï¡ï¡ï¡ï¡ï¡ï¡ï¡ï¡ï¡ï¡ï¡ï¡ï¡ï¡ï¡ï¡ï¡ï¡ï¡ï¡ï¡ï¡ï¡ï¡ï¡ï¡ï¡ï¡ï¡ï¡ï¡ï¡ï¡ï¡ï
148 || ¡ï¡ï¡ï¡ï¡ï¡ï¡ï¡ï¡ï¡ï¡ï¡ï¡ï¡ï¡ï¡ï¡ï¡ï¡ï¡ï¡ï¡ï¡ï¡ï¡ï¡ï¡ï¡ï¡ï¡ï¡ï¡ï¡ï¡ï¡ï¡ï¡ï¡ï¡ï¡ï¡ï¡ï¡ï¡ï¡ï¡ï¡ï
149 || ¡ï¡ï¡ï¡ï¡ï¡ï¡ï¡ï¡ï¡ï¡ï¡ï¡ï¡ï¡ï¡ï¡ï¡ï¡ï¡ï¡ï¡ï¡ï¡ï¡ï¡ï¡ï¡ï¡ï¡ï¡ï¡ï¡ï¡ï¡ï¡ï¡ï¡ï¡ï¡ï
150 || ¡ï
151 || ¡ï¡ï¡ï¡ï¡ï¡ï¡ï¡ï¡ï¡ï¡ï¡ï¡ï¡ï¡ï¡ï¡ï¡ï¡ï¡ï¡ï¡ï¡ï¡ï¡ï¡ï¡ï¡ï¡ï¡ï¡ï¡ï¡ï¡ï¡ï¡ï¡ï¡ï¡ï¡ï¡ï¡ï¡ï¡ï¡ï¡ï¡ï¡ï¡ï¡ï¡ï¡ï¡ï¡ï¡ï¡ï¡ï¡ï¡ï¡ï¡ï¡ï¡ï¡ï¡ï¡ï¡ï¡ï
152 || ¡ï¡ï¡ï¡ï¡ï¡ï¡ï¡ï¡ï¡ï¡ï¡ï¡ï¡ï¡ï¡ï¡ï¡ï¡ï¡ï¡ï¡ï¡ï¡ï¡ï¡ï¡ï¡ï¡ï¡ï¡ï¡ï¡ï¡ï¡ï
153 || ¡ï¡ï¡ï¡ï¡ï¡ï¡ï¡ï¡ï¡ï¡ï¡ï¡ï¡ï
154 || ¡ï¡ï¡ï¡ï¡ï¡ï¡ï¡ï¡ï¡ï¡ï¡ï¡ï¡ï¡ï
155 || ¡ï
156 || ¡ï¡ï¡ï
157 || ¡ï
158 || ¡ï
159 || 
160 || ¡ï
161 || 
162 || 
163 || 
164 || 
165 || ¡ï
166 || ¡ï
167 || ¡ï¡ï
168 || 
169 || ¡ï
170 || ¡ï
171 || 
172 || 
173 || 
174 || 
175 || ¡ï
176 || 
177 || 
178 || 
179 || 
180 || 
181 || 
182 || 
183 || 
184 || 
185 || 
186 || 
187 || 
188 || 
189 || 
190 || 
191 || 
192 || 
193 || 
194 || ¡ï¡ï¡ï
195 || ¡ï
196 || 
197 || ¡ï
198 || 
199 || ¡ï
200 || 
201 || 
202 || ¡ï
203 || 
204 || 
205 || 
206 || 
207 || 
208 || 
209 || 
210 || 
211 || ¡ï¡ï
212 || ¡ï
213 || 
214 || 
215 || 
216 || 
217 || 
218 || ¡ï
219 || ¡ï¡ï¡ï
220 || ¡ï¡ï
221 || 
222 || 
223 || 
224 || 
225 || 
226 || 
227 || 
228 || 
229 || 
230 || 
231 || 
232 || 
233 || 
234 || 
235 || 
236 || 
237 || 
238 || 
239 || 
240 || 
241 || 
242 || 
243 || 
244 || 
245 || 
246 || 
247 || 
248 || 
249 || 
250 || 
251 || 
252 || 
253 || 
254 || 
255 || 
